## https://arxiv.org/pdf/nucl-ex/0307022.pdf
## mass end_of_datas


BEGIN
p	938	14
0.65     	  2.90e+00  	  9.3e-02  
0.75     	  2.65e+00  	  8.5e-02  
0.85     	  2.28e+00  	  7.3e-02  
0.95     	  2.00e+00  	  6.6e-02  
1.05     	  1.68e+00  	  5.7e-02  
1.15     	  1.46e+00  	  5.1e-02  
1.25     	  1.16e+00  	  4.2e-02  
1.35     	  9.72e-01  	  3.7e-02  
1.45     	  7.42e-01  	  2.9e-02  
1.55     	  6.05e-01  	  2.5e-02  
1.65     	  4.55e-01  	  2.0e-02  
1.75     	  3.51e-01  	  1.6e-02  
1.85     	  2.85e-01  	  1.4e-02  
1.95     	  1.99e-01  	  1.1e-02  
2.10     	  1.35e-01  	  5.0e-03  
2.30     	  7.69e-02  	  3.5e-03  
2.50     	  4.39e-02  	  2.5e-03  
2.70     	  2.44e-02  	  1.8e-03  
2.90     	  1.54e-02  	  1.4e-03  
3.25     	  5.98e-03  	  5.5e-04  
3.75     	  2.05e-03  	  3.1e-04  
4.25     	  8.96e-04  	  2.2e-04  



BEGIN
pbar	938	14
0.65     	  2.00e+00  	  6.8e-02  
0.75     	  1.89e+00  	  6.2e-02  
0.85     	  1.67e+00  	  5.4e-02  
0.95     	  1.47e+00  	  4.8e-02  
1.05     	  1.21e+00  	  4.1e-02  
1.15     	  1.10e+00  	  3.9e-02  
1.25     	  8.90e-01  	  3.3e-02  
1.35     	  7.24e-01  	  2.8e-02  
1.45     	  6.12e-01  	  2.5e-02  
1.55     	  4.43e-01  	  1.9e-02  
1.65     	  3.46e-01  	  1.6e-02  
1.75     	  2.70e-01  	  1.3e-02  
1.85     	  2.07e-01  	  1.1e-02  
1.95     	  1.53e-01  	  9.2e-03  
2.10     	  9.75e-02  	  4.2e-03  
2.30     	  5.99e-02  	  3.1e-03  
2.50     	  3.16e-02  	  2.2e-03  
2.70     	  1.79e-02  	  1.6e-03  
2.90     	  1.04e-02  	  1.2e-03  
3.25     	  4.14e-03  	  4.7e-04  
3.75     	  1.29e-03  	  2.5e-04  
4.25     	  5.44e-04  	  1.7e-04  



BEGIN
Kp	493.667	16
0.45     	  1.83e+01  	  3.9e-01  
0.55     	  1.48e+01  	  2.9e-01  
0.65     	  1.05e+01  	  2.0e-01  
0.75     	  7.97e+00  	  1.5e-01  
0.85     	  5.96e+00  	  1.2e-01  
0.95     	  4.19e+00  	  8.5e-02  
1.05     	  3.20e+00  	  6.8e-02  
1.15     	  2.31e+00  	  5.2e-02  
1.25     	  1.64e+00  	  3.9e-02  
1.35     	  1.13e+00  	  2.9e-02  
1.45     	  8.52e-01  	  2.4e-02  
1.55     	  6.03e-01  	  1.8e-02  
1.65     	  4.43e-01  	  1.5e-02  
1.75     	  3.61e-01  	  1.3e-02  
1.85     	  2.64e-01  	  1.0e-02  
1.95     	  2.12e-01  	  9.1e-03  





BEGIN
Km	493.667	16
0.45     	  1.64e+01  	  3.4e-01  
0.55     	  1.31e+01  	  2.4e-01  
0.65     	  1.01e+01  	  1.8e-01  
0.75     	  7.69e+00  	  1.4e-01  
0.85     	  5.61e+00  	  1.0e-01  
0.95     	  4.11e+00  	  7.7e-02  
1.05     	  3.03e+00  	  6.0e-02  
1.15     	  2.11e+00  	  4.4e-02  
1.25     	  1.53e+00  	  3.4e-02  
1.35     	  1.15e+00  	  2.8e-02  
1.45     	  8.42e-01  	  2.2e-02  
1.55     	  5.86e-01  	  1.7e-02  
1.65     	  4.42e-01  	  1.4e-02  
1.75     	  3.17e-01  	  1.1e-02  
1.85     	  2.52e-01  	  9.4e-03  
1.95     	  1.83e-01  	  7.9e-03  




BEGIN
pim	139.57	18
0.25     	  3.15e+02  	  2.4e+00  
0.35     	  1.94e+02  	  1.5e+00  
0.45     	  1.19e+02  	  9.8e-01  
0.55     	  7.37e+01  	  6.5e-01  
0.65     	  4.57e+01  	  4.3e-01  
0.75     	  2.86e+01  	  2.9e-01  
0.85     	  1.86e+01  	  2.0e-01  
0.95     	  1.22e+01  	  1.4e-01  
1.05     	  8.02e+00  	  1.0e-01  
1.15     	  5.55e+00  	  7.7e-02  
1.25     	  3.53e+00  	  5.2e-02  
1.35     	  2.55e+00  	  4.1e-02  
1.45     	  1.71e+00  	  3.0e-02  
1.55     	  1.20e+00  	  2.3e-02  
1.65     	  8.02e-01  	  1.7e-02  
1.75     	  5.65e-01  	  1.3e-02  
1.85     	  4.05e-01  	  1.1e-02  
1.95     	  2.85e-01  	  8.8e-03  
2.05     	  1.89e-01  	  5.8e-03  
2.15     	  1.32e-01  	  4.8e-03  
2.25     	  9.24e-02  	  4.0e-03  
2.35     	  7.07e-02  	  3.7e-03  
2.45     	  4.71e-02  	  3.0e-03  
2.55     	  3.50e-02  	  2.8e-03  
2.65     	  2.69e-02  	  2.5e-03  
2.75     	  1.99e-02  	  2.3e-03  
2.85     	  1.45e-02  	  2.1e-03  
2.95     	  1.08e-02  	  1.9e-03  




BEGIN
pip	139.57	18
0.25     	  3.29e+02  	  2.7e+00  
0.35     	  1.97e+02  	  1.6e+00  
0.45     	  1.20e+02  	  1.1e+00  
0.55     	  7.26e+01  	  6.7e-01  
0.65     	  4.49e+01  	  4.5e-01  
0.75     	  2.93e+01  	  3.3e-01  
0.85     	  1.82e+01  	  2.2e-01  
0.95     	  1.21e+01  	  1.6e-01  
1.05     	  7.96e+00  	  1.1e-01  
1.15     	  5.32e+00  	  8.0e-02  
1.25     	  3.55e+00  	  5.7e-02  
1.35     	  2.55e+00  	  4.5e-02  
1.45     	  1.72e+00  	  3.3e-02  
1.55     	  1.13e+00  	  2.3e-02  
1.65     	  8.05e-01  	  1.8e-02  
1.75     	  5.70e-01  	  1.4e-02  
1.85     	  4.18e-01  	  1.2e-02  
1.95     	  2.80e-01  	  9.0e-03  
2.05     	  2.09e-01  	  6.1e-03  
2.15     	  1.36e-01  	  4.8e-03  
2.25     	  9.10e-02  	  3.8e-03  
2.35     	  7.20e-02  	  3.6e-03  
2.45     	  5.40e-02  	  3.2e-03  
2.55     	  3.78e-02  	  2.8e-03  
2.65     	  2.65e-02  	  2.5e-03  
2.75     	  2.27e-02  	  2.5e-03  
2.85     	  1.28e-02  	  1.9e-03  
2.95     	  1.03e-02  	  1.8e-03  

