## https://arxiv.org/pdf/nucl-ex/0305013.pdf
## http://lokos.web.elte.hu/EotvosGrant/2020/PHENIX_flow_data/
## mass end_of_datas
##
## pt v2 v2err

BEGIN		
pim	139.57	7
0.493569 0.0191896 5.75448e-05
0.692064 0.0304213 7.72144e-05
0.892275 0.0404469 0.000106249
1.09261 0.0495616 0.000144088
1.29257 0.0569907 0.000194978
1.49249 0.0627434 0.000262933
1.693 0.0676289 0.000352223
1.89267 0.0720071 0.000468008
2.09212 0.0732551 0.000636115
2.29153 0.0757326 0.000887045
2.49117 0.0751934 0.00125822
2.69076 0.0735022 0.00181097
2.8904 0.0752588 0.00264262
3.21006 0.0694433 0.00328201
3.71388 0.0575078 0.00530527


BEGIN
Km	493.667	7
0.511899 0.00796115 0.000324557
0.700931 0.0191311 0.000260912
0.89724 0.0307229 0.000273813
1.09582 0.0407453 0.000315097
1.29493 0.0492454 0.000381253
1.49447 0.0567217 0.00047103
1.69512 0.0616725 0.000581931
1.89438 0.0672903 0.000712703
2.094 0.0711327 0.000902998
2.29336 0.0726818 0.00116641
2.49317 0.0731553 0.00153181
2.69304 0.0781934 0.00201242
2.89271 0.0705972 0.00266511
3.20523 0.0689882 0.00324207
3.70825 0.0615355 0.00567109

BEGIN
pbar	938	7
0.51585 0.000727983 0.000425097
0.704813 0.00566308 0.000297131
0.900742 0.0136281 0.00026809
1.09828 0.0250257 0.000274267
1.29657 0.0370768 0.000305175
1.49522 0.048881 0.000358791
1.6949 0.0608268 0.00043779
1.89446 0.0697447 0.000542177
2.09404 0.0773137 0.000684051
2.29394 0.0842604 0.000876243
2.49392 0.0916704 0.00111554
2.69389 0.0954557 0.00142348
2.89377 0.0987706 0.00181917
3.20023 0.0940916 0.00274343
3.70353 0.107556 0.00507457